0.113788 0.114600
-0.027307 -0.053422
-0.032947 -0.101818
0.043682 -0.030148
-0.021784 0.073473
-0.267288 -0.046366
0.014703 0.068006
-0.043220 -0.082545
-0.097164 -0.053348
0.144010 0.071357
-0.138172 -0.113446
-0.029593 0.032607
0.039033 0.022633
0.104782 -0.121402
-0.030713 -0.076672
0.040573 0.072867
0.030106 0.130940
0.124791 0.102009
-0.064799 -0.056802
-0.021915 -0.099520
-0.060190 0.036023
-0.010402 -0.039804
-0.015763 -0.036282
0.040588 -0.094656
-0.040577 0.063309
0.022778 0.034659
0.092866 -0.023515
0.036529 0.248083
-0.025461 0.016433
-0.064643 -0.051549
-0.032076 -0.012478
-0.086256 -0.177578
-0.024860 -0.054281
0.050373 -0.125915
-0.013760 0.092776
-0.028980 0.049056
-0.098894 -0.045438
-0.030591 0.027928
0.024831 0.010164
0.046186 0.054472
0.009522 -0.077120
-0.148468 -0.116135
-0.085714 -0.071719
0.046962 -0.024428
-0.042492 -0.140490
-0.084373 0.004213
0.005790 -0.031033
-0.008823 0.064574
0.054597 0.104205
-0.092993 -0.100731
-0.111047 -0.011923
-0.016268 -0.125093
-0.138599 0.129270
0.037297 0.059372
-0.079519 0.159876
-0.147609 -0.038316
0.204520 0.089874
0.119499 0.100055
-0.085042 -0.060498
0.001211 0.007682
-0.054279 0.078697
0.008233 -0.042594
-0.010296 0.197981
-0.034197 0.026470
-0.055369 -0.018639
-0.048895 -0.040936
0.043052 -0.032827
0.016424 0.091256
0.023359 0.035226
-0.193671 -0.072259
-0.118812 0.157793
-0.103387 -0.060693
0.085973 -0.019493
0.058888 0.047117
-0.006069 0.109206
0.106698 0.059131
0.014363 0.011959
0.129738 0.040837
0.067455 0.065853
-0.084152 0.146373
-0.029748 0.023758
0.024678 -0.074857
0.065806 -0.067911
-0.109218 -0.017651
0.076677 -0.070334
0.052705 -0.128790
-0.034867 0.028585
-0.040499 -0.035340
0.092699 -0.018552
-0.062826 -0.008409
-0.025407 0.117020
0.060873 -0.106938
0.103037 0.142241
0.050741 -0.033039
-0.138798 -0.058920
0.074826 0.028126
0.036535 0.123177
-0.092386 -0.038185
0.046288 0.061456
0.084754 -0.008010
0.047831 0.037902
-0.000034 0.084164
0.053407 -0.185563
-0.017533 0.010803
0.053373 0.067404
0.100509 0.118680
0.096064 0.002726
-0.018791 0.013162
-0.040218 -0.147060
0.001126 0.172730
-0.129014 0.080972
-0.076515 -0.055503
0.092413 0.095623
0.047326 -0.067931
0.178906 -0.048657
-0.017840 -0.061930
0.111641 0.064180
-0.020482 -0.118473
0.063171 -0.102065
-0.050833 -0.030627
0.085541 0.027295
0.008310 -0.049691
-0.008525 -0.055954
-0.007696 -0.020930
-0.021805 0.019323
0.002129 0.082490
-0.052213 0.073520
-0.072126 -0.061345
-0.079540 -0.157724
0.139018 -0.108796
-0.098999 0.005568
0.111000 0.010971
-0.074718 -0.022589
-0.134468 -0.088863
-0.084441 0.048170
0.007606 -0.106970
0.054132 -0.100242
0.053381 0.079667
-0.177491 -0.081626
-0.008447 -0.029447
-0.048129 0.042109
-0.093896 -0.156402
-0.019524 -0.018615
-0.028447 -0.110123
0.013987 -0.000679
-0.059685 0.070576
0.040713 0.081254
-0.033023 0.008849
0.011032 -0.052487
0.036055 0.044515
0.056073 -0.183386
0.030329 -0.002300
0.006018 -0.024601
0.040950 0.058417
0.004539 -0.027967
-0.005615 -0.005994
0.048930 0.127049
0.004745 -0.043952
-0.125121 0.014545
-0.050430 0.190497
-0.016531 0.047743
-0.047347 -0.041003
0.036893 -0.011956
0.023371 -0.259314
-0.188308 -0.192555
-0.106768 0.613538
0.061874 -0.282771
-0.041033 0.000032
-0.149685 -0.034640
-0.021425 0.045593
-0.072974 0.180692
0.183188 -0.047025
-0.004195 -0.022461
0.073161 -0.022186
0.102089 0.118450
0.006307 -0.115127
-0.167033 0.081313
0.017965 0.028357
-0.036946 0.060493
-0.069383 0.055175
-0.070446 0.022506
0.026964 0.000779
-0.067103 0.111165
0.091413 0.041619
-0.006407 0.004420
0.340368 -0.143621
0.150855 -0.005669
0.041377 0.008977
-0.053441 0.062912
0.083484 0.055987
-0.122075 -0.002319
-0.030942 -0.053689
-0.112871 0.032237
-0.041880 -0.081285
0.008164 -0.018210
-0.067071 0.015837
-0.053507 0.021694
0.044262 -0.080715
0.024029 0.086760
-0.000715 -0.018395
0.107906 0.055985
-0.013436 0.096640
-0.033283 -0.096747
-0.042350 -0.042802
0.002251 0.069928
0.013510 0.071816
-0.052771 -0.017545
0.066655 -0.010539
0.135637 0.157149
0.017660 0.021618
0.090367 -0.052282
0.080697 0.039177
0.045740 0.138763
-0.053988 -0.050896
-0.114221 -0.017082
0.095260 -0.132826
0.130699 0.049079
0.004661 0.071825
-0.163750 0.147524
-0.051270 0.016835
0.110871 0.062393
-0.024754 -0.082658
0.002253 0.041524
-0.188557 -0.033101
0.002490 0.063236
0.047630 -0.081114
-0.014564 0.037218
0.019009 0.004009
0.049120 -0.048617
-0.022167 -0.006290
-0.169222 0.012597
0.101561 0.149478
0.096803 -0.099657
-0.108132 -0.017400
-0.111855 -0.061510
0.016126 0.020677
-0.082215 0.014336
0.102768 -0.016677
0.051162 -0.077835
-0.010216 -0.080940
0.039179 0.034911
-0.000937 0.042061
-0.033086 -0.011931
0.089928 0.022415
0.015638 -0.066146
0.020093 -0.133627
0.001470 -0.033820
-0.022043 -0.138099
0.039255 0.113506
0.022208 0.085976
0.086869 -0.076439
0.222318 0.194799
0.054444 -0.086076
-0.074911 0.012254
-0.083684 -0.081147
-0.034170 0.035191
0.111200 0.077532
-0.127242 -0.074208
-0.182970 0.142955
0.081324 0.101254
-0.055737 0.065764
0.145901 0.155254
-0.052699 0.099195
-0.073147 0.031327
0.006071 -0.058228
0.093578 -0.000570
-0.083418 0.041238
0.039785 -0.107480
0.026668 0.098351
0.064900 0.012206
0.058470 0.068099
0.016697 0.166461
-0.016870 -0.027563
-0.123118 0.035340
-0.026264 0.021159
-0.044970 0.075459
-0.133126 0.138481
0.017192 0.007987
-0.155896 0.062862
-0.072754 -0.011920
-0.067565 -0.010523
0.059870 -0.016744
0.086923 0.104356
-0.045902 -0.070631
-0.092904 -0.004643
0.011024 -0.104285
0.052190 -0.052229
0.061644 0.196706
-0.036233 -0.066077
0.090257 0.093615
-0.047428 -0.030968
-0.007505 0.136067
-0.066378 0.015138
0.258645 -0.035213
0.009402 -0.032943
-0.001897 -0.073055
-0.075162 0.114968
-0.134112 0.136350
0.003909 -0.014871
0.185194 0.130111
-0.071081 -0.047895
-0.006616 0.083795
-0.029926 0.096985
0.132112 0.062457
0.076748 -0.052843
-0.002821 0.058765
-0.073299 -0.051174
-0.026996 0.111531
0.079494 -0.035181
0.083787 -0.049962
-0.057462 -0.001163
0.028084 -0.016627
0.074040 -0.098824
0.070082 -0.066006
-0.044746 0.057034
0.036340 0.064272
0.064231 0.113230
0.062843 0.102585
0.148234 0.010428
-0.024323 -0.129934
-0.046954 -0.038870
0.044971 -0.007689
-0.009953 -0.096141
-0.108724 0.048360
0.065204 0.022078
0.011060 -0.003712
-0.097082 -0.040446
0.073338 -0.080353
-0.062937 0.071631
-0.166267 0.041532
0.037686 0.069706
0.012162 0.049737
-0.177819 0.098910
-0.028960 -0.213381
-0.049317 -0.050406
-0.013405 -0.027755
0.010461 0.057630
-0.033151 -0.022420
-0.045230 0.035707
0.010959 -0.009489
-0.069629 0.137883
0.207914 -0.078826
-0.019525 0.001591
0.012229 -0.003480
-0.012151 0.033985
0.026836 -0.020144
0.061103 0.030360
0.111357 -0.010007
0.053950 -0.033021
-0.082433 -0.033435
0.017832 -0.031606
-0.043698 -0.163568
0.077055 -0.040883
0.068377 -0.042492
-0.088384 0.024241
-0.123448 0.285611
-0.027346 -0.096943
-0.004468 -0.026976
0.008311 -0.118627
-0.045528 -0.025283
-0.127580 -0.037186
0.125180 0.128400
0.066491 0.103364
-0.088157 0.006674
-0.134449 -0.048126
0.057792 -0.051769
-0.015279 -0.042362
0.137340 -0.268550
0.036911 0.054194
-0.040439 -0.050367
-0.032652 0.029002
-0.028716 -0.001743
-0.043228 -0.025690
0.076116 0.153402
0.069805 -0.011645
0.078197 -0.091630
-0.040037 -0.003016
-0.014589 0.056542
0.049243 0.106358
-0.019471 0.059968
-0.155657 0.105790
-0.053823 -0.045410
-0.104197 -0.060896
-0.024369 0.074306
-0.005798 0.012001
0.027682 -0.006109
-0.105961 0.020345
0.012039 -0.023173
-0.072691 -0.056757
0.028817 -0.003082
0.005203 -0.033416
0.052771 -0.015832
0.111801 0.005500
0.001328 0.105538
0.026206 0.095627
0.030441 0.038085
0.159323 -0.093497
0.015894 -0.053488
-0.067731 0.154649
0.038794 -0.164120
-0.057241 0.135142
0.013076 -0.019010
-0.019955 0.183169
-0.088043 0.018509
0.097851 -0.069815
-0.098179 0.036056
-0.025617 0.024796
0.003489 0.123489
-0.041094 0.012142
-0.048521 -0.043643
-0.094897 -0.034271
-0.041563 0.109079
0.082984 0.004997
0.077689 -0.017971
-0.361740 0.093582
0.033886 -0.014137
-0.018484 -0.074152
0.056254 0.151344
0.155308 0.034539
-0.019745 0.095961
0.065664 0.012643
-0.045255 0.077540
0.150938 -0.059975
0.105049 0.134800
0.092618 0.044542
0.080289 0.033469
-0.082615 0.031364
0.303270 -0.132358
0.189281 0.044094
0.002508 -0.127810
0.042705 0.004204
0.013304 0.020817
-0.007710 -0.093533
0.002868 0.128259
0.008674 0.116760
0.017510 -0.024467
0.135462 -0.034850
0.003487 -0.022056
0.026266 -0.128555
0.096680 0.030046
0.097097 -0.132372
-0.039890 -0.007655
0.000336 0.019937
0.326692 -0.221334
0.058567 -0.016694
0.022466 -0.150470
0.002237 -0.041627
-0.234080 0.408762
-0.114801 -0.031778
-0.096334 -0.067042
0.167411 0.004101
0.017198 -0.003160
0.104731 0.046044
-0.040165 0.055322
0.039951 0.040099
-0.007511 -0.088732
0.089215 -0.083596
-0.024089 -0.081936
-0.028035 0.066548
-0.133995 -0.086076
-0.061512 0.048250
-0.044567 -0.001312
-0.014826 -0.037874
0.075527 0.078770
-0.112876 0.109926
0.036094 -0.005567
-0.063009 0.068947
-0.014232 0.034538
-0.165417 0.006177
-0.122649 0.044040
-0.022162 0.103354
-0.013003 0.007645
-0.020891 0.100578
-0.091060 -0.080180
-0.083281 0.035619
0.029294 0.050131
0.248555 0.114618
-0.005345 -0.069831
-0.017656 0.024605
0.005667 -0.042962
0.111097 0.066009
-0.122599 0.025346
-0.127456 -0.314926
-0.038638 -0.098626
-0.037246 -0.074875
0.137007 -0.039375
0.105076 -0.063531
-0.032161 0.107533
-0.072157 -0.109361
-0.080267 0.034344
0.012715 -0.008731
-0.017659 -0.022612
0.122725 0.030816
-0.138613 -0.083928
0.073049 0.117495
0.093236 0.012361
0.149544 -0.146356
0.068134 -0.023707
0.102311 0.077497
-0.019697 0.077559
-0.135988 0.011401
-0.045597 0.016158
0.010284 -0.001110
0.044913 0.120182
0.032277 -0.127915
0.157835 0.034176
0.015475 -0.216172
-0.029580 0.094857
-0.034679 -0.070539
0.164587 -0.178415
0.075341 0.023186
0.003934 -0.123413
-0.067684 -0.118421
-0.001318 -0.065782
-0.127261 0.075031
-0.059635 -0.081317
-0.075397 -0.210317
0.017315 -0.009145
0.212547 -0.034932
0.063826 -0.044702
0.011103 -0.078421
-0.117248 -0.049936
0.058774 -0.063763
-0.025655 -0.066774
-0.010802 0.123473
-0.072281 0.027787
-0.031630 -0.033093
0.025455 -0.013466
0.170166 0.239582
0.073996 0.166933
-0.159995 0.282075
-0.076090 0.078706
0.042575 -0.034653
0.007724 -0.103854
-0.094877 0.090327
0.087400 0.096891
0.102834 -0.151708
0.070817 -0.056517
0.097704 0.059174
-0.027128 -0.053059
0.020963 -0.028006
-0.055092 -0.017644
-0.152935 0.172827
-0.020221 0.054067
0.003264 0.084804
0.027047 0.021656
0.032813 -0.067276
-0.115711 -0.012104
0.077309 0.006919
-0.007135 -0.163291
0.107394 -0.030268
0.046736 0.005623
-0.002918 -0.061267
-0.045587 -0.079613
-0.101594 -0.062008
0.008077 0.048844
0.072227 -0.076133
-0.057468 0.137654
0.068093 -0.037593
-0.065100 0.007812
-0.042950 -0.002997
0.045207 0.098878
0.138766 -0.181242
-0.012411 0.028930
0.193523 -0.415497
0.048832 -0.031682
-0.180092 -0.053034
0.012851 0.011785
-0.119365 0.077083
-0.010798 -0.190729
-0.052152 0.165024
-0.026309 0.133377
-0.042793 0.056070
0.144180 0.200192
-0.021610 0.196023
0.019618 -0.090673
0.037211 0.047121
-0.336461 0.076521
0.139292 -0.099150
-0.129017 -0.055669
-0.115073 -0.059817
-0.042133 -0.129588
-0.058204 0.042276
0.017772 0.069401
0.027563 -0.059055
0.007012 0.003830
-0.064863 0.007557
0.019567 0.048910
0.056090 -0.065315
-0.209791 -0.075831
-0.071574 0.111200
0.065481 0.010040
-0.067713 -0.004574
-0.062154 0.013894
0.256890 0.014034
-0.038737 -0.105852
-0.123053 -0.048731
-0.008189 0.017120
-0.067746 0.011945
0.012373 0.085621
0.007974 -0.100367
-0.034011 -0.087218
-0.014132 0.008482
-0.012466 -0.134883
-0.086186 -0.006366
0.002379 -0.070557
0.086355 0.032246
-0.006491 -0.082778
-0.096448 -0.004477
0.061011 0.109994
-0.007355 0.036823
-0.061197 0.040666
-0.033588 -0.079572
0.042761 0.086464
-0.102159 0.079187
-0.014948 0.005068
-0.081023 -0.026565
0.020304 -0.039720
-0.044273 -0.049646
0.002371 -0.087144
0.094676 0.064675
-0.005543 0.039088
0.024638 -0.043749
0.027838 0.043588
0.058602 0.117883
0.117752 0.085847
-0.061384 -0.079636
0.084474 -0.060186
-0.035384 -0.002132
0.156439 0.152921
-0.076271 0.124142
0.111804 0.095230
-0.008054 -0.102588
0.020073 0.038187
0.010835 0.047712
-0.096514 0.078419
-0.004513 -0.036357
0.025008 -0.041874
0.041037 -0.035735
0.040894 0.113307
0.019927 0.106574
0.039996 0.030848
0.171691 0.045564
-0.046558 -0.054561
0.090365 0.013428
-0.010281 -0.075070
-0.109139 -0.023256
0.102948 -0.008846
0.123561 0.115395
0.027242 -0.113282
0.063306 0.058055
0.079609 -0.020716
-0.131149 0.013597
-0.045282 -0.098132
0.025798 -0.004511
-0.107545 -0.043656
-0.053312 0.134431
-0.163733 -0.111380
-0.106844 -0.065688
0.015806 0.030481
-0.130439 -0.042970
-0.117205 0.177093
-0.052516 0.001421
-0.012563 0.051701
0.007525 -0.156003
-0.043355 -0.071689
0.130955 -0.009628
-0.502736 -0.171305
-0.014345 0.044726
-0.059166 0.129553
-0.068236 -0.124046
0.040987 0.009406
0.126106 -0.129634
-0.058290 0.064980
-0.103297 -0.066171
0.051007 0.049420
-0.040155 0.078574
-0.123915 0.159030
0.010436 0.056537
-0.051515 -0.099400
-0.237133 -0.005518
-0.206894 -0.016796
-0.138707 -0.153813
-0.183308 -0.034936
-0.073212 -0.091602
0.078282 -0.042680
0.028902 -0.019234
-0.170494 -0.076160
0.060178 0.010994
-0.012553 -0.144700
-0.196183 0.139327
-0.094986 -0.171030
-0.080988 0.021810
0.006415 0.073297
0.019439 0.059482
0.179325 0.050297
0.177561 0.145782
0.024395 -0.057840
-0.080677 -0.111132
-0.006113 0.095471
-0.008536 0.015941
0.103681 -0.033401
0.009624 0.125952
0.016114 0.014675
0.012153 0.125526
0.054919 -0.214117
0.058603 0.069136
-0.001522 -0.018711
0.065259 0.079049
0.000406 -0.010694
-0.068342 0.007184
-0.053996 -0.052463
0.027666 -0.091777
-0.065760 -0.082846
0.063471 -0.067824
0.000732 -0.014934
-0.186827 0.024306
-0.102010 0.079690
0.184672 -0.005058
0.105817 -0.122688
-0.019070 0.012188
0.040639 0.023901
-0.075140 -0.086163
-0.036355 0.116134
-0.032338 -0.014729
-0.057019 -0.054779
0.183494 0.069564
0.035719 0.026684
-0.118451 0.021776
0.007917 -0.051557
0.016537 -0.051845
-0.124461 0.145583
0.055126 0.096055
-0.057493 -0.009373
0.070425 -0.118215
-0.242429 0.078139
0.050424 0.032039
-0.031876 0.074258
0.182817 -0.089403
-0.032368 -0.005868
0.054921 0.112915
-0.014225 -0.041462
0.085255 -0.033266
-0.052523 -0.034604
-0.010195 0.016392
-0.071330 -0.091333
-0.004387 0.017374
0.024023 -0.046627
0.079568 0.060009
-0.104449 -0.113103
0.093452 0.048057
-0.038652 0.021095
-0.086527 -0.079210
-0.093245 -0.074397
-0.023267 -0.071581
-0.086440 -0.124399
0.002821 -0.139949
-0.128206 -0.100765
-0.061928 0.033603
0.054007 -0.001391
-0.128616 0.051242
0.138083 -0.189129
-0.071971 -0.034973
-0.031518 -0.143137
0.001792 -0.051455
0.016943 -0.005547
0.115530 -0.144734
0.221828 -0.125779
0.074617 0.055010
-0.037011 0.057170
0.042215 0.202573
-0.024331 0.119237
0.072320 0.155805
0.006424 -0.115189
-0.152961 0.208664
0.033446 -0.064299
0.010259 -0.015620
0.016269 0.056149
-0.026055 -0.110307
0.169296 0.001080
0.067067 0.009272
0.005049 0.060123
-0.001064 0.019273
-0.025105 -0.008350
0.127706 0.045984
-0.039696 -0.004596
0.105001 0.093394
0.062470 -0.069662
0.081569 -0.066951
0.021784 0.186475
0.229009 -0.204060
-0.047325 0.022241
0.036607 -0.176262
-0.074056 0.036235
-0.008594 -0.167563
-0.136650 0.202257
0.096164 0.044692
0.002337 -0.195711
-0.036447 0.130934
0.019056 -0.102453
-0.024152 0.029914
-0.084336 0.009696
0.052024 -0.063629
0.114726 -0.019194
-0.075109 0.087952
-0.040850 -0.042255
0.050073 -0.138735
-0.016705 -0.155198
-0.062271 -0.027007
-0.051602 0.224178
0.094399 -0.015049
0.164815 0.127179
-0.059635 -0.031255
0.085174 0.007984
0.138816 -0.054715
0.060903 0.017753
-0.006646 0.100822
-0.026117 -0.094110
-0.020933 0.028146
-0.002285 -0.098598
0.201695 0.116569
0.099139 -0.076215
0.051384 0.122858
-0.083509 0.077377
0.110040 -0.069809
-0.075746 -0.027258
0.001467 -0.018776
0.144717 -0.177786
0.063200 -0.057113
0.027358 -0.068289
-0.070121 -0.039326
-0.060786 0.066107
0.047880 -0.034372
-0.113538 -0.094125
-0.014512 0.021557
-0.164708 -0.103972
0.040616 -0.056872
0.001008 0.081281
0.014661 -0.016604
0.039781 0.003365
-0.052452 0.015878
-0.037985 0.056591
-0.078665 -0.094387
-0.039509 -0.008330
-0.176863 -0.073798
0.023101 -0.055307
-0.079161 0.075310
-0.032901 0.033941
0.037394 -0.130482
-0.030602 0.074720
0.030762 0.157860
-0.116150 -0.023062
-0.061145 -0.041224
0.032468 0.119307
0.031120 0.028586
0.081884 -0.042249
0.098401 -0.053238
0.011785 -0.105653
0.044008 0.058365
-0.188566 0.122952
-0.051152 0.142508
-0.070596 0.024959
0.185649 0.158192
-0.073247 -0.097813
-0.032761 0.124215
-0.108007 -0.042611
-0.012110 -0.067530
0.025841 -0.049571
-0.076081 -0.006977
0.054063 0.049029
-0.105968 0.108376
0.113460 0.001990
-0.126384 0.182337
-0.066881 -0.041306
-0.025661 0.051800
-0.137986 -0.170728
0.080721 0.027865
0.002891 -0.098802
0.114204 -0.185622
-0.077507 0.075120
-0.009635 -0.062696
-0.203667 -0.021301
-0.116031 0.087100
0.046449 -0.007950
0.081453 0.058801
-0.063656 0.102263
0.001191 0.184894
0.050408 -0.015469
0.168154 0.150035
0.044377 0.028695
0.055020 -0.061675
0.201081 -0.119772
0.394998 -0.086863
0.026936 -0.055100
0.049470 0.014192
0.021277 -0.105355
0.203827 -0.025000
-0.054719 -0.134550
-0.098299 0.042067
0.053176 0.058539
0.080168 -0.016912
0.045291 -0.006657
0.005806 0.123317
-0.007985 -0.057175
-0.018441 -0.049006
0.068863 0.054724
-0.103509 -0.065360
-0.105549 -0.083520
-0.109860 -0.080118
0.194271 0.041559
0.073115 -0.048455
0.035127 0.002173
0.010216 -0.023358
0.017204 0.082127
0.000351 -0.061492
-0.004202 -0.013238
0.060752 -0.082400
0.067733 -0.055215
