0.135668 0.076487
-0.041724 -0.047955
-0.103334 -0.117026
-0.026569 0.050916
0.047693 -0.029886
0.123122 -0.082629
-0.039948 -0.058987
0.041143 0.132258
-0.059207 -0.047108
0.003036 -0.107928
-0.064333 -0.021643
0.018343 -0.054280
0.018328 -0.084129
0.029771 -0.037998
0.048851 0.272556
-0.000021 0.017871
-0.026488 0.008188
-0.007498 -0.013018
0.017024 -0.106755
0.000897 0.078837
-0.019818 0.041418
0.009529 0.019893
0.041966 0.032815
0.032498 -0.062320
-0.134280 -0.098314
-0.065425 -0.070210
0.054706 -0.018229
0.036362 -0.008868
0.032937 -0.051030
-0.020854 0.071379
0.056453 0.094114
-0.041014 -0.020149
-0.179721 0.030640
-0.065341 -0.073928
-0.076451 0.062531
-0.000993 0.193159
-0.046980 0.010215
-0.042103 -0.040354
0.024962 -0.029383
-0.012928 0.068387
0.009029 0.058464
-0.129487 -0.054176
0.093680 -0.019517
0.095452 0.070138
0.119611 0.051527
-0.050642 0.025073
0.017575 0.119358
-0.070151 0.146414
0.029944 -0.074700
-0.145256 -0.009373
0.033134 -0.108510
0.003426 0.030139
0.084306 -0.044353
-0.040804 0.006687
0.069591 0.002170
-0.181547 -0.030180
0.039902 0.018735
0.089069 0.155554
0.078319 -0.019320
-0.026445 0.030336
0.027496 -0.090256
-0.078015 0.029879
0.129335 0.148790
0.081152 0.026458
-0.082618 0.002042
-0.006176 -0.051552
0.000779 -0.071299
0.115054 -0.065553
0.007912 -0.023152
-0.034744 -0.124608
-0.038667 -0.034111
-0.022993 -0.050957
-0.014035 -0.008500
0.037174 0.066489
0.063230 0.056173
-0.121964 -0.040110
-0.096290 0.000186
-0.066333 -0.031160
-0.096193 0.057362
-0.004232 -0.050374
-0.005924 0.054561
0.002470 0.017395
-0.060460 -0.049675
0.009504 -0.077898
-0.059353 -0.043444
-0.010248 0.080415
-0.041378 0.002697
0.038692 -0.002733
-0.003400 -0.036633
0.011598 0.044737
-0.059911 -0.010714
0.023337 0.026605
0.094419 0.112498
0.015123 -0.021636
-0.004512 0.028943
0.034278 -0.245854
-0.202690 -0.213075
-0.136393 0.586678
0.061134 -0.300752
-0.032925 -0.027882
-0.042532 0.030801
0.226909 -0.063461
-0.038413 -0.012330
0.051655 -0.023744
-0.157279 0.116436
0.007139 0.034215
-0.084923 0.078341
-0.042995 0.065186
-0.002367 0.057316
0.084621 0.094366
0.086098 0.022602
0.032137 0.037162
0.051532 0.039649
0.005800 -0.010495
0.040758 0.020274
-0.094119 0.040668
-0.072988 -0.068499
-0.066224 0.046267
-0.034021 -0.101026
0.005241 -0.028502
-0.022622 0.013012
-0.000897 0.038816
0.050502 -0.066775
0.031354 0.039061
0.129290 0.066837
-0.035786 0.069349
-0.037298 0.008153
-0.059450 0.040991
-0.059452 -0.026417
0.067425 0.014961
0.032537 0.012834
0.061261 -0.067424
0.016735 0.037124
-0.060437 -0.022094
0.112903 -0.128375
0.039478 0.086452
-0.001084 0.022214
0.123390 0.006889
-0.007231 -0.058017
0.028582 0.074227
-0.205298 -0.026465
-0.003519 0.048865
0.043727 -0.044002
0.012578 -0.051077
-0.058093 -0.013704
-0.122832 -0.028891
-0.072950 0.026254
0.098514 -0.010341
0.049055 -0.044960
0.029981 -0.078840
0.021471 0.023849
-0.029211 0.043060
-0.061599 -0.048378
0.050672 0.019322
0.026834 -0.107243
-0.002902 -0.026655
0.055627 0.074857
0.077093 -0.087300
0.059135 -0.044332
-0.022504 0.029795
-0.086122 -0.110498
-0.021185 0.046212
-0.078467 -0.075490
0.000948 0.135416
-0.086887 0.041047
-0.059086 0.022454
0.078962 0.029685
0.032713 0.052367
0.091979 0.011145
0.046778 0.100847
0.054973 0.196477
-0.020413 -0.011224
-0.032321 -0.006472
-0.071780 0.102830
-0.162577 0.207702
-0.043377 0.040513
-0.037572 0.094885
-0.074906 -0.004586
-0.067697 0.017242
0.023062 -0.046194
-0.045381 -0.133860
-0.005157 -0.030694
0.008078 0.032731
0.001198 0.112545
-0.069751 0.001156
-0.008087 -0.045807
-0.060589 0.080168
-0.018209 0.015260
-0.031456 -0.007985
-0.005892 0.119997
0.084969 0.041677
0.045229 -0.009647
0.046182 0.002132
-0.012926 0.127024
0.101797 -0.013012
-0.064114 0.010563
-0.018589 -0.001853
0.056171 -0.064821
-0.060116 0.046242
0.036541 0.075667
0.057024 0.149611
-0.050768 0.011288
0.052325 -0.007002
-0.032379 -0.095417
-0.096064 0.032089
0.026288 0.014997
-0.040625 0.017795
0.066421 -0.104800
-0.001974 0.064436
-0.211803 0.030263
-0.051531 -0.226494
-0.053641 0.023483
-0.028383 -0.032108
0.007430 0.043854
-0.055297 0.034948
0.203293 -0.068806
-0.001472 0.003439
-0.028396 -0.012183
0.031985 -0.004278
0.081492 -0.014448
0.082330 -0.043835
-0.018565 -0.050360
0.003015 -0.116317
0.060956 -0.023864
0.096434 0.171660
-0.033018 0.006266
0.045120 -0.094679
-0.059103 -0.057298
-0.022806 0.010721
0.090031 0.017980
0.105462 -0.001489
-0.015575 -0.014598
0.015818 0.089002
-0.095160 -0.046080
0.033406 0.017952
-0.158072 0.005820
-0.005657 -0.051253
0.070053 -0.050811
0.043182 -0.014017
0.117425 -0.024532
-0.026030 0.149717
0.005310 0.079970
-0.009579 0.053619
0.005008 -0.053066
0.031709 -0.116563
0.078400 -0.061595
-0.000116 0.070042
-0.021470 0.011495
0.050864 0.006422
0.079792 0.072537
-0.016770 -0.080482
0.039598 0.206275
0.136923 0.024140
0.055429 -0.061918
0.033733 0.030495
0.085042 0.011733
-0.111803 -0.006645
0.295738 -0.126562
0.188784 0.019451
0.068422 -0.116743
0.032087 -0.009693
-0.032736 -0.122821
-0.006293 0.165564
0.015736 -0.011718
-0.029304 -0.000128
0.033911 -0.112672
0.090940 0.035490
-0.022477 -0.000440
0.033366 0.043959
0.054382 -0.012857
-0.052415 0.003186
-0.092575 -0.055663
0.164789 0.015310
-0.013138 -0.008962
0.131994 0.094387
-0.068983 0.040208
0.027855 0.012684
0.051657 -0.041909
-0.041184 0.066637
-0.079273 0.010359
-0.078747 -0.002995
0.015253 0.063717
-0.111431 0.104923
0.031090 -0.003154
-0.049856 0.044865
-0.058530 0.007427
-0.155017 0.015525
-0.054317 -0.005045
-0.058189 0.121920
-0.064280 0.024081
-0.008249 -0.071889
-0.039688 0.018004
0.010055 -0.022229
-0.149624 0.022106
-0.057940 -0.105740
-0.017016 -0.072245
0.129417 -0.047747
-0.044790 -0.050995
0.022511 -0.007007
-0.011920 0.011309
0.136402 0.021500
0.082365 0.013332
0.090897 -0.023715
0.045751 0.042233
-0.061775 0.009552
0.023807 0.129841
-0.027883 -0.128694
-0.017067 0.113853
0.042927 -0.066787
-0.026529 -0.048557
-0.048088 -0.024395
0.218425 -0.066131
-0.026181 -0.038211
-0.060905 -0.068451
-0.062865 0.002323
-0.018349 -0.009508
0.058708 -0.005274
-0.112817 0.087735
0.077213 0.015844
-0.034087 -0.041734
0.027447 -0.081428
-0.029076 -0.013410
-0.001816 0.076431
0.031108 0.016107
0.042542 -0.024792
-0.101418 0.010083
0.114687 0.039529
-0.051066 -0.100516
0.074523 -0.026481
0.027019 -0.114433
-0.034720 -0.012431
-0.093553 0.124110
0.012335 -0.060399
-0.034884 0.014902
0.047655 0.100092
0.031364 -0.035844
0.043302 -0.020102
-0.004766 -0.209162
-0.068434 0.034220
-0.026021 0.192028
0.002115 -0.049181
-0.089523 -0.083901
0.051873 -0.046888
0.000355 0.009486
-0.062040 0.008673
0.023568 0.070009
-0.045687 0.099602
0.049849 0.051566
-0.045909 -0.022721
-0.045335 0.007229
0.027997 0.024310
0.018147 -0.052907
0.008506 -0.071734
0.028532 -0.012370
-0.091720 -0.011308
0.050918 0.022372
-0.071633 -0.013971
-0.066625 0.023349
-0.075257 -0.098328
-0.025904 0.047201
-0.080776 -0.040479
0.042740 -0.026916
0.025415 -0.042462
0.078959 0.064788
-0.016515 0.044732
0.060913 0.073791
-0.029871 0.199711
0.122900 0.067303
0.073572 -0.056080
-0.011531 0.011152
0.175837 0.125141
-0.095957 0.144614
0.098170 0.086480
-0.012720 0.103311
-0.006527 0.046045
-0.084813 0.096534
0.007745 -0.036180
0.025470 -0.051916
0.001808 0.017500
0.142079 0.082091
0.125225 0.047922
-0.082056 -0.047120
0.125977 0.037495
0.035719 -0.113136
0.005816 -0.026149
0.054008 0.036294
-0.058053 -0.065618
0.028634 0.057679
-0.005626 0.132357
-0.087767 -0.095850
-0.040298 0.019684
-0.152510 0.020612
-0.023383 0.064224
-0.032456 0.044538
-0.047273 -0.054235
0.128939 -0.008560
-0.068956 0.143602
0.092873 -0.028299
0.082977 0.071186
-0.020097 0.079662
0.085647 0.025935
-0.092631 -0.165247
-0.075782 -0.011706
0.024648 0.051604
0.017563 0.122738
-0.008969 -0.106200
-0.057698 0.042156
0.011241 -0.004836
0.015374 0.054090
-0.039365 -0.001789
0.072038 0.158518
-0.032239 0.010724
0.024967 0.076177
-0.024254 -0.079873
-0.104977 -0.034382
-0.028542 -0.079423
0.013789 -0.036564
-0.138105 0.015782
0.153498 0.042934
-0.041947 -0.091513
-0.061287 0.122718
-0.057022 -0.049964
0.131553 0.121475
-0.128169 0.041684
-0.009434 -0.061890
-0.021979 -0.078374
-0.031928 -0.012465
0.027998 0.047337
-0.084806 0.035507
-0.072639 -0.024783
0.056097 0.111284
0.002305 -0.028577
0.088294 -0.018151
-0.021690 -0.011159
0.049123 0.014237
-0.081496 0.011911
-0.128739 -0.083752
-0.016167 -0.135085
0.051064 -0.010759
-0.142456 0.063652
-0.090342 -0.059867
0.017250 0.010037
0.257630 -0.099206
0.064443 0.099056
-0.047231 0.057470
0.099271 0.237048
-0.020669 -0.045218
-0.001280 -0.017779
-0.012412 0.032003
0.085670 0.036509
-0.048557 -0.003920
0.070566 -0.071508
0.089910 -0.068413
-0.080385 -0.024639
0.051292 0.040948
0.048985 -0.190356
0.004321 -0.100718
-0.079970 0.010069
0.087563 -0.051923
0.119681 -0.022845
-0.133229 0.078612
-0.054048 -0.000722
0.071616 -0.166634
0.001963 -0.149858
-0.107679 -0.043906
-0.049135 0.292534
0.142898 0.145119
-0.069060 0.018052
0.064698 0.010331
0.165428 -0.052421
0.049267 0.012856
-0.009200 0.054254
-0.052172 0.078146
-0.015273 -0.075563
0.143900 0.085686
0.116657 0.002224
-0.089529 0.077612
0.069976 -0.067911
-0.095374 -0.009127
0.007801 -0.032840
-0.093099 -0.042053
-0.096902 0.104329
-0.029470 0.141371
0.005619 0.031943
-0.050608 -0.076420
-0.039868 0.032293
-0.099422 0.026399
-0.052949 0.055383
0.004777 0.078684
0.016951 0.140269
-0.099899 -0.018481
-0.007277 0.048997
0.080173 -0.048832
0.084395 -0.054799
-0.043525 0.126565
-0.054821 0.065209
-0.062064 -0.088143
-0.005268 0.125758
-0.151073 -0.041355
-0.001513 -0.015861
-0.021776 -0.003781
0.058221 0.014014
-0.040046 0.081443
0.032991 0.055628
-0.098185 -0.044851
-0.053600 0.090940
0.034585 0.010986
0.097075 -0.152665
-0.006497 -0.032697
0.058636 -0.001963
0.121477 0.083025
0.013919 0.112287
0.031137 0.004760
0.060061 -0.053551
0.399461 -0.068164
-0.040280 -0.026692
0.043373 0.015721
0.157263 0.019603
-0.030501 -0.088737
-0.143095 0.035906
0.089004 -0.017408
0.001961 -0.028382
0.051089 0.065610
-0.047338 0.020113
-0.159587 -0.095675
-0.127684 -0.101997
0.138844 0.067823
0.106027 -0.048982
0.025798 -0.010792
-0.047066 -0.027701
0.070477 -0.107830
0.049005 -0.092971
