0.127967 0.060075
-0.040076 -0.035787
-0.123632 -0.130270
-0.029599 0.059479
0.039980 -0.002080
0.093452 -0.095665
-0.030424 -0.050519
0.031160 0.146132
-0.049484 -0.045258
0.006027 -0.115116
-0.072084 -0.022523
0.015452 -0.057057
0.028540 -0.096216
0.046337 -0.040408
0.027760 0.223876
0.003902 0.004289
-0.016032 -0.009502
-0.005061 -0.035634
0.029846 -0.099737
0.001861 0.076363
0.002604 0.031342
0.023149 -0.001393
0.056463 0.040415
0.032244 -0.054889
-0.124443 -0.123475
-0.081547 -0.061080
0.047047 -0.042466
0.029955 -0.019821
0.030099 -0.036395
-0.000654 0.059521
0.056228 0.091956
-0.052534 -0.031611
-0.184418 -0.000612
-0.061515 -0.088833
-0.066168 0.069519
-0.006982 0.161085
-0.021997 0.025042
-0.031448 -0.044504
0.025118 -0.036373
0.007123 0.073821
-0.009742 0.023382
-0.130683 -0.060490
0.091136 -0.013060
0.100013 0.039085
0.115926 0.050783
-0.045806 0.000024
0.023461 0.113987
-0.075417 0.152036
0.016359 -0.082054
-0.151661 -0.021435
0.037945 -0.106166
-0.004921 0.022964
0.091896 -0.043307
-0.048107 0.029153
0.047429 -0.002622
-0.140805 -0.053024
0.033988 0.029955
0.073513 0.148458
0.088284 -0.040527
-0.014788 0.011779
0.016114 -0.116880
-0.072998 0.021084
0.099876 0.147762
0.078115 0.013277
-0.089810 0.011459
-0.013091 -0.069381
-0.005243 -0.062813
0.100547 -0.056320
-0.010548 -0.043731
-0.022723 -0.116397
-0.040263 -0.039945
-0.012735 -0.047242
-0.023027 0.006453
0.032831 0.067025
0.062820 0.036470
-0.126126 -0.030555
-0.119521 0.007629
-0.067045 -0.036757
-0.057166 0.058041
-0.020220 -0.065184
-0.006233 0.066144
-0.008699 0.010711
-0.024703 -0.037451
0.007559 -0.078952
-0.039673 -0.028834
-0.001931 0.077637
-0.022119 -0.011069
0.046279 -0.018585
-0.013050 -0.046256
0.008204 0.031515
-0.043736 -0.029238
0.019550 0.017613
0.094378 0.102877
0.007281 -0.021279
-0.020029 0.035197
0.072335 -0.241655
-0.219677 -0.234956
-0.165747 0.580581
0.074530 -0.294075
-0.043476 -0.023247
-0.027282 0.008222
0.210041 -0.062459
-0.034286 0.001463
0.041306 -0.031012
-0.140943 0.084691
-0.000262 0.026054
-0.054308 0.062601
-0.047880 0.025076
0.012571 0.046096
0.056454 0.072976
0.082868 0.018736
0.052783 -0.001475
0.035426 0.040572
0.017797 -0.018111
0.037453 -0.016476
-0.119266 0.007234
-0.078193 -0.073393
-0.073645 0.056180
-0.044121 -0.096735
0.004269 -0.025120
-0.019808 0.013008
-0.021517 0.022073
0.014720 -0.065199
0.025248 0.019842
0.093088 0.055311
-0.029549 0.044412
-0.018994 0.003252
-0.045576 0.040839
-0.055282 -0.012682
0.053033 0.005900
0.020189 -0.013354
0.081595 -0.070193
0.043185 0.022628
-0.018776 -0.017782
0.109669 -0.123185
0.037843 0.080016
-0.018990 0.031304
0.110472 0.019866
0.015459 -0.051405
0.026363 0.061888
-0.197235 -0.026546
0.007563 0.031880
0.035546 -0.061560
0.018590 -0.040927
-0.052091 -0.008688
-0.085329 -0.055944
-0.054872 0.055338
0.094901 0.003056
0.046816 -0.062590
0.025595 -0.063309
0.026093 0.017184
-0.028491 0.032331
-0.044165 -0.006535
0.058125 0.013578
0.000217 -0.150063
-0.010599 -0.015243
0.048522 0.060354
0.074885 -0.091314
0.064492 -0.034542
-0.013469 0.007701
-0.084766 -0.092264
-0.010591 0.030751
-0.088091 -0.094339
-0.007180 0.147985
-0.076064 0.054417
-0.059832 0.044087
0.049954 -0.015043
0.044319 0.063669
0.078587 0.004600
0.046536 0.096956
0.039815 0.167208
-0.010567 -0.012943
-0.039485 -0.005508
-0.073937 0.093284
-0.161904 0.182581
-0.047529 0.021790
-0.012200 0.070465
-0.070348 -0.004509
-0.060780 -0.008665
0.038408 -0.044315
-0.035721 -0.137956
-0.002571 -0.023296
0.017408 0.033590
0.001677 0.118434
-0.064729 0.006852
0.003788 -0.052794
-0.032992 0.037660
-0.017709 0.017131
-0.046043 -0.046490
0.014281 0.105373
0.077628 0.049096
0.034987 -0.027391
0.026606 0.035514
-0.018822 0.109636
0.102602 -0.000702
-0.052925 0.010438
-0.007539 0.001261
0.064509 -0.073727
-0.045473 0.048752
0.049310 0.049499
0.048902 0.136628
-0.065144 0.003753
0.049382 -0.023256
-0.017626 -0.090004
-0.076011 0.018254
0.010979 -0.016389
-0.043533 0.021335
0.065755 -0.100615
0.003431 0.062206
-0.229350 0.022814
-0.033835 -0.230035
-0.028119 0.007999
-0.025370 -0.023173
0.008069 0.052410
-0.060205 0.051560
0.215307 -0.102784
-0.001797 -0.019171
-0.016323 -0.031329
0.020643 -0.015020
0.102278 -0.033093
0.081563 -0.050593
-0.026610 -0.035389
-0.002764 -0.101039
0.051262 -0.021279
0.099901 0.161189
-0.050103 -0.001572
0.059817 -0.100363
-0.049803 -0.027793
-0.000130 0.015468
0.077155 0.019474
0.097575 -0.014317
-0.004156 0.003113
0.020278 0.069834
-0.104058 -0.042709
0.017286 0.004824
-0.146404 -0.019180
-0.008372 -0.045229
0.038966 -0.031033
0.039339 0.005284
0.106291 -0.023257
-0.022919 0.130487
0.017194 0.058447
-0.008726 0.051288
0.005849 -0.053124
0.033711 -0.134596
0.080313 -0.062706
-0.002708 0.062817
-0.015853 -0.019685
0.044757 -0.005299
0.086128 0.035480
-0.031893 -0.076351
0.040053 0.202229
0.139477 -0.014493
0.053377 -0.070344
0.036233 0.028280
0.075404 0.017841
-0.101249 -0.008664
0.305294 -0.156084
0.206501 -0.002128
0.051660 -0.140327
0.028950 -0.004812
-0.033422 -0.107257
-0.005405 0.165641
0.010203 -0.007202
-0.037625 -0.019072
0.027267 -0.105518
0.061949 0.047082
-0.011403 0.000727
0.013706 0.026863
0.055428 -0.019794
-0.071352 0.000831
-0.079675 -0.061150
0.161946 0.010256
-0.008120 -0.000520
0.120922 0.071673
-0.059741 0.039246
0.018738 -0.001939
0.039660 -0.050758
-0.060172 0.068949
-0.052275 0.005624
-0.067937 0.003026
0.023158 0.071856
-0.114659 0.062533
0.034970 -0.006987
-0.062941 0.028704
-0.053457 0.009382
-0.148553 0.019205
-0.044578 0.001633
-0.032909 0.111771
-0.059962 0.019426
-0.005324 -0.094850
-0.045071 0.027668
0.008448 -0.011227
-0.140606 0.027032
-0.061068 -0.111856
-0.033843 -0.052508
0.125125 -0.062069
-0.048984 -0.073899
0.024750 -0.020146
-0.033202 0.009415
0.152017 0.023602
0.085699 0.020111
0.095096 -0.036455
0.067509 0.021091
-0.043315 0.006077
0.008588 0.086103
-0.012509 -0.142335
-0.025113 0.092937
0.010791 -0.113527
-0.019796 -0.049160
-0.020694 -0.050929
0.225634 -0.041756
-0.024015 -0.047544
-0.060602 -0.080695
-0.037311 -0.004921
-0.013375 0.000789
0.062593 0.004844
-0.135931 0.098631
0.072081 0.026609
-0.017353 -0.060829
0.049943 -0.032455
-0.020211 0.003934
0.027505 0.063180
0.052507 -0.003299
0.038083 -0.040748
-0.126001 0.006299
0.101137 0.039334
-0.049023 -0.100222
0.069032 -0.026773
0.021858 -0.130746
-0.028918 -0.034076
-0.098312 0.132552
-0.001086 -0.054719
-0.052549 0.020451
0.049556 0.084361
0.027174 -0.027566
0.032736 -0.010511
0.010467 -0.231116
-0.056378 0.009103
-0.027315 0.174569
0.003241 -0.064002
-0.087439 -0.087269
0.048437 -0.051452
0.012753 -0.018110
-0.057839 0.006686
0.035630 0.042901
-0.046199 0.096605
0.041059 0.052559
-0.047672 -0.003262
-0.051548 0.011601
0.004053 0.031343
0.014647 -0.076510
0.018204 -0.075814
0.033296 -0.002829
-0.097029 -0.008580
0.062357 0.039509
-0.074418 0.002074
-0.066308 -0.003795
-0.069462 -0.097453
-0.019707 0.016893
-0.068953 -0.032695
0.053404 -0.021777
0.006870 -0.062417
0.065223 0.037013
0.001264 0.054620
0.065523 0.055876
-0.013233 0.186658
0.112087 0.073818
0.050288 -0.038783
-0.016302 0.025969
0.180873 0.117053
-0.086944 0.151328
0.112848 0.089213
0.014410 0.069105
-0.008219 0.049298
-0.080751 0.069159
0.015209 -0.039645
0.010084 -0.067826
-0.007021 0.000120
0.131267 0.077164
0.119706 0.046417
-0.074433 -0.055782
0.112369 0.026623
0.040938 -0.148815
-0.004214 -0.009622
0.053856 0.038603
-0.061886 -0.072925
0.029489 0.051715
-0.019705 0.136806
-0.089267 -0.098230
-0.019374 0.030410
-0.160479 0.018956
-0.015122 0.047857
-0.020216 0.029497
-0.027257 -0.064438
0.138079 0.005940
-0.049891 0.125020
0.092404 -0.059495
0.084317 0.060014
-0.021125 0.105401
0.074285 -0.002260
-0.095264 -0.165969
-0.072564 0.002288
0.033488 0.034545
0.018079 0.092066
0.002663 -0.088477
-0.049511 0.036420
0.007889 -0.008459
0.014142 0.043199
-0.030030 -0.008187
0.059533 0.122169
-0.025224 0.021466
0.016400 0.080831
-0.026072 -0.048422
-0.086418 -0.032990
-0.038937 -0.087037
0.007665 -0.041202
-0.146377 0.017892
0.144639 0.034931
-0.039687 -0.097217
-0.051386 0.132380
-0.053939 -0.021340
0.115218 0.115835
-0.127928 0.043398
-0.020482 -0.064840
-0.018432 -0.064767
-0.035477 -0.024663
0.040685 0.034870
-0.081962 0.056536
-0.056461 -0.035080
0.051763 0.092042
-0.002870 -0.023169
0.065077 -0.018638
0.018953 -0.028757
0.037983 0.005368
-0.084637 0.005260
-0.130372 -0.101741
-0.000317 -0.134308
0.049722 -0.013837
-0.125718 0.046023
-0.106048 -0.049415
0.021102 0.005973
0.256037 -0.123081
0.076833 0.083207
-0.021655 0.029385
0.091118 0.241293
-0.039475 -0.067286
-0.001162 -0.011576
0.001742 0.010386
0.089732 0.025324
-0.046352 -0.005097
0.071823 -0.056407
0.075735 -0.044616
-0.074757 -0.017529
0.032239 0.050785
0.056506 -0.214110
0.000482 -0.107701
-0.067405 0.004769
0.095945 -0.040310
0.114489 -0.024647
-0.096122 0.086753
-0.061394 0.010546
0.070159 -0.169002
-0.007161 -0.172725
-0.105363 -0.037341
-0.061128 0.274946
0.134515 0.134071
-0.044105 -0.028521
0.098602 0.001538
0.177886 -0.084032
0.055718 0.020237
-0.011456 0.047880
-0.040136 0.044500
-0.012357 -0.078612
0.132555 0.088637
0.108724 -0.030566
-0.091627 0.063481
0.051384 -0.060787
-0.093402 -0.006322
0.003048 -0.038312
-0.091948 -0.047458
-0.121779 0.093168
0.006861 0.173185
-0.019471 0.028502
-0.072835 -0.080276
-0.028648 0.012135
-0.092946 0.002305
-0.051193 0.056707
0.044612 0.044040
0.016622 0.156210
-0.103389 -0.016626
-0.033688 0.052266
0.069700 -0.080061
0.087177 -0.042794
-0.011801 0.091966
-0.034498 0.040765
-0.031983 -0.099186
0.005481 0.089659
-0.125466 -0.041995
0.008426 -0.008495
-0.043539 0.007662
0.062612 0.020660
-0.065069 0.061954
0.066399 0.019988
-0.095565 -0.039094
-0.049330 0.097259
0.035707 0.014093
0.064737 -0.196804
-0.015054 -0.045436
0.065607 -0.007707
0.105289 0.073062
0.013147 0.107327
0.028997 0.017565
0.046861 -0.037201
0.414861 -0.101549
-0.036396 -0.033765
0.050981 0.023429
0.144687 0.014584
-0.038814 -0.104301
-0.139941 0.036934
0.084451 -0.024648
-0.009172 -0.019658
0.042412 0.044109
-0.040941 -0.011135
-0.142647 -0.101033
-0.110032 -0.106727
0.144616 0.059655
0.103684 -0.034254
0.040308 -0.017490
-0.035716 -0.008373
0.086195 -0.088983
0.049305 -0.082080
