0.073371 0.131633
-0.036365 -0.034235
-0.050042 -0.046778
0.007192 -0.011995
-0.051274 0.156382
-0.293475 -0.032516
0.008851 0.089332
-0.060311 -0.063086
0.051460 0.050022
0.060552 -0.030989
-0.186129 -0.129649
-0.101009 0.026964
0.044943 -0.026320
0.047251 -0.069776
-0.046756 -0.052781
-0.022561 0.014099
0.059235 0.109435
0.008253 0.042253
-0.058398 -0.039117
-0.039753 -0.109133
-0.082669 0.049403
-0.053820 -0.008015
-0.046308 0.001426
-0.004298 -0.116467
-0.066811 0.005712
0.011727 0.025222
-0.034409 0.000672
0.021202 0.382585
-0.030065 0.001907
-0.068508 0.002854
-0.030487 -0.006252
-0.085584 -0.202987
-0.012720 -0.049922
0.021375 -0.118699
0.001939 0.097429
0.014307 0.106887
-0.113364 -0.030202
-0.022154 0.036685
-0.078433 -0.002434
0.004981 0.038636
0.039910 -0.071196
-0.146206 -0.122082
-0.101038 -0.029148
0.071316 -0.023811
-0.021971 -0.089240
-0.002103 -0.004833
0.007639 -0.068757
-0.039478 0.102833
0.019855 0.108882
-0.106755 -0.010421
-0.017901 -0.082053
-0.096401 -0.056566
-0.201253 0.063687
-0.000495 0.057526
-0.048755 0.094414
-0.187833 0.016189
0.042226 0.084500
0.020469 0.152283
-0.089947 -0.048059
-0.056409 0.005135
-0.081753 0.091113
-0.028639 0.000692
-0.044112 0.231676
-0.058594 0.033136
-0.047526 -0.015096
-0.059726 -0.031783
0.018059 -0.002534
-0.009865 0.107488
0.043535 0.003419
-0.179059 -0.050148
0.065169 -0.074202
-0.119529 -0.066592
0.037451 -0.000159
0.067814 0.036824
0.018077 0.139365
0.072239 0.064650
-0.071835 -0.017652
0.104573 -0.025809
0.009797 0.103444
-0.095755 0.138441
-0.060796 0.038829
-0.008190 -0.056140
0.021180 -0.107490
-0.123029 -0.003024
0.033534 -0.070955
0.022080 -0.102291
-0.024005 0.075970
-0.077489 0.017323
0.067179 0.010360
-0.081222 0.023641
-0.098191 0.159450
-0.011238 -0.120706
0.093621 0.116598
0.016845 -0.022857
-0.148019 -0.041222
0.022164 0.046645
0.014394 0.121548
0.044901 -0.040273
0.089732 -0.009604
0.079968 -0.034176
-0.067964 0.020556
-0.008670 0.060551
0.095619 -0.157115
-0.071867 0.016124
0.030863 0.047089
0.063263 0.089262
0.070472 -0.004034
-0.040984 0.018280
-0.044473 -0.154863
-0.008473 0.228334
-0.135934 -0.028765
-0.031869 -0.056497
-0.011638 0.119050
-0.012666 -0.067007
0.164319 -0.039186
0.009390 -0.091205
0.136205 0.064166
-0.053099 -0.140190
0.003926 -0.028931
-0.051020 -0.024045
0.034375 0.008267
-0.013521 -0.024208
-0.047215 -0.040163
-0.045068 -0.029240
-0.079440 -0.041075
-0.003539 0.092153
0.037309 0.043558
-0.085590 -0.066832
-0.164472 -0.090705
0.020333 -0.053978
-0.083536 0.001797
0.103384 -0.007721
-0.100465 -0.014188
-0.194761 0.017224
-0.095545 0.092252
-0.028098 -0.065858
0.044972 -0.144028
-0.004803 0.079183
-0.135734 -0.063996
-0.046370 -0.028896
0.004417 0.013478
-0.220988 -0.073094
-0.057560 -0.009054
-0.027118 -0.079241
-0.048104 -0.081437
-0.030677 0.079396
0.034158 0.111042
-0.058971 -0.014202
-0.007137 -0.022413
-0.026315 0.066790
-0.028021 -0.195306
0.003203 0.004619
0.027188 -0.017176
-0.014461 0.099685
-0.081635 -0.022045
-0.023394 -0.004628
0.050782 0.126740
0.004354 0.007557
-0.122089 -0.000017
-0.223475 -0.008140
-0.069141 -0.005609
-0.046727 -0.024158
-0.020615 0.012751
-0.000194 -0.283727
-0.227202 -0.209832
-0.166921 0.556647
0.045386 -0.292224
-0.079510 -0.048356
-0.167449 -0.000250
-0.028353 0.064152
-0.088476 0.200458
0.139404 -0.024715
-0.032576 -0.023957
0.023544 -0.093792
0.046221 0.105352
-0.080954 -0.189777
-0.166302 0.081499
-0.031486 0.056578
-0.022111 0.066223
-0.081774 0.012465
-0.039487 0.026557
-0.002103 0.030727
0.001881 0.023079
0.072489 0.033142
-0.003973 0.017393
-0.078185 -0.198983
0.071725 -0.029187
0.041386 -0.009178
0.031825 -0.053894
0.056539 0.015535
-0.124123 0.026329
-0.068286 -0.090507
-0.112095 0.038662
-0.087912 -0.055597
-0.028915 0.005240
-0.102723 0.035744
-0.068984 0.013547
0.045427 -0.090534
-0.007049 0.081582
-0.157158 -0.030909
0.076636 0.022644
-0.079504 0.086313
-0.113276 0.007168
-0.041585 0.007446
0.028209 0.057802
-0.019195 0.082734
-0.062347 -0.002029
0.071997 -0.030256
0.039175 0.108382
0.073909 -0.006295
0.032168 -0.058695
0.061001 0.061032
-0.052152 0.066091
-0.074705 -0.035896
-0.080035 0.023769
0.064072 -0.120942
0.026713 -0.028737
0.024205 0.054115
-0.110214 0.118355
-0.036449 0.005885
0.065419 -0.012041
-0.037572 -0.091807
0.006800 0.078814
-0.215796 -0.023652
-0.016959 0.084455
0.036213 -0.091499
-0.051174 0.024424
0.009805 0.010514
0.025271 -0.016616
-0.091292 0.010352
-0.077977 -0.155759
0.036295 0.101162
-0.009739 -0.077271
-0.060976 0.030285
-0.089308 -0.047987
-0.053499 0.047462
-0.102208 0.031137
0.051438 0.024392
0.063035 -0.046369
0.031725 -0.075565
0.049380 0.049133
-0.012727 0.054524
-0.085278 0.006120
0.076090 0.049331
-0.001273 -0.017351
-0.020107 -0.132238
-0.044801 -0.024425
-0.106091 -0.141138
-0.038698 0.090985
0.013624 0.069828
0.040484 -0.030124
0.006108 -0.076336
0.075868 -0.030291
0.028479 0.015063
-0.086179 -0.079765
-0.048388 0.058579
0.119043 0.033322
-0.140166 -0.056806
-0.155073 0.092244
-0.013602 0.132537
-0.106953 0.087399
0.149839 0.082980
-0.083725 0.030546
-0.069080 0.028895
-0.000895 0.048816
0.059254 -0.023579
-0.041886 0.023283
-0.053207 -0.023015
0.014657 0.093843
0.071818 -0.004363
0.042531 0.085157
-0.028972 0.172695
-0.010795 -0.005141
-0.097592 0.043133
-0.023861 0.047120
-0.052339 0.087030
-0.168247 0.161184
-0.054576 -0.005876
-0.164423 0.061671
-0.058100 0.032947
-0.057858 0.006910
0.052086 -0.028313
-0.017295 0.017688
-0.046309 -0.031731
-0.054640 0.037675
-0.041631 -0.069509
0.004003 -0.012776
-0.020678 0.147733
-0.117084 -0.010646
-0.007673 0.033582
-0.061024 -0.008964
-0.002894 0.109793
-0.067190 -0.035093
0.157510 0.062002
-0.019589 -0.014092
-0.043826 -0.039673
-0.046296 0.124922
-0.193952 0.050074
0.039035 0.010107
0.105895 0.051385
-0.083742 -0.019222
-0.007828 0.109306
-0.054314 0.067288
0.088568 0.060071
0.034180 -0.057591
0.006691 0.031988
-0.058687 0.000259
-0.018796 0.092111
0.084474 -0.008126
0.022057 -0.053444
-0.088706 0.022817
-0.056522 0.015652
0.031538 -0.048744
0.030276 -0.031249
-0.075925 0.079625
0.028537 0.084246
0.042779 0.120272
0.012578 0.004444
0.117841 0.053104
-0.035915 -0.082428
-0.076877 0.000076
0.067977 0.000265
-0.034100 -0.054903
-0.060172 0.042824
-0.009140 -0.000703
0.002867 0.010503
-0.130050 0.013276
0.017698 -0.074689
-0.044980 0.114192
-0.223822 0.042173
0.046626 0.094081
0.025970 0.016851
-0.169486 0.084490
-0.047930 -0.225810
-0.030016 0.026400
-0.052228 -0.014143
-0.022185 0.057446
-0.129399 0.025894
-0.079908 0.012507
-0.009380 0.006192
-0.107364 0.094091
0.210468 -0.089735
-0.017909 0.005370
-0.032234 0.043824
-0.030805 0.073158
-0.072684 0.019920
0.049932 0.028907
0.092089 -0.011629
0.017911 -0.005351
-0.110764 0.022744
-0.063170 -0.003103
-0.026024 -0.136271
0.060450 -0.036387
-0.066923 -0.067036
-0.082324 0.025722
-0.081098 -0.084069
-0.018023 -0.010226
-0.019420 -0.054208
-0.020995 -0.105907
0.024620 -0.063405
-0.113965 0.029139
0.105338 0.143778
0.020724 0.037268
-0.058984 0.004892
-0.123875 0.013897
0.027506 -0.054841
-0.057686 -0.022343
-0.003304 -0.013861
-0.036510 0.029311
-0.084458 -0.031841
-0.066914 -0.005649
-0.041468 0.018927
-0.035759 0.014126
-0.006711 0.064537
0.046040 0.016147
0.028971 -0.077526
0.014497 -0.005527
0.002227 0.073997
-0.026961 0.113924
-0.034837 0.049769
-0.253309 0.179953
-0.079448 0.032362
-0.122190 -0.036116
-0.054708 0.005608
0.016883 -0.025059
-0.044161 -0.012526
-0.096360 -0.027702
-0.023247 -0.019679
-0.055662 -0.000308
0.002907 -0.032960
0.016292 -0.031159
0.039673 -0.052764
0.074917 -0.009600
-0.009969 0.128754
0.019599 0.092615
-0.014788 0.109967
0.130594 -0.009008
0.019571 -0.038102
-0.061112 -0.011051
0.024868 -0.153062
-0.068905 0.123944
-0.051684 -0.053103
-0.126164 0.024654
-0.107441 0.028748
0.010384 -0.054958
-0.175778 0.126610
-0.061283 0.039580
0.065782 0.101800
-0.038178 -0.012557
-0.041723 -0.019997
-0.066344 0.027661
-0.036133 0.062402
0.103878 -0.004842
0.063908 0.032962
-0.215583 0.189651
0.058170 -0.005404
0.015843 -0.066630
0.044538 0.167422
0.143690 0.009235
-0.103683 0.038391
0.041717 0.009806
-0.034700 0.060251
0.128334 -0.040108
0.028547 0.050971
0.072100 0.045503
0.113638 0.020840
-0.101797 0.032656
0.271707 -0.159116
0.167584 0.054081
0.022728 -0.109820
0.032488 -0.013623
0.005989 0.006899
-0.007915 -0.103747
-0.029183 0.153017
-0.058199 0.106829
0.022404 -0.042318
-0.015673 0.035188
-0.007894 -0.023580
0.056114 -0.087460
0.055453 0.038414
0.025723 -0.086732
-0.081670 0.045816
0.012346 0.023406
0.348700 -0.116772
0.004770 -0.019269
-0.045082 -0.058191
0.014307 -0.022566
0.020669 0.035717
-0.092239 -0.021499
-0.072060 -0.049213
0.157574 0.018708
-0.037182 0.016202
0.048172 0.048134
-0.104225 0.041577
0.067016 0.012067
-0.034212 -0.066712
0.048669 -0.064784
-0.050017 -0.049194
-0.052229 0.089892
-0.157459 -0.024272
-0.088242 0.052229
-0.058714 0.004727
-0.010689 -0.045390
0.065449 0.098701
-0.131083 0.128073
0.045659 -0.004118
-0.057603 0.074166
-0.090025 0.020333
-0.141890 -0.015520
-0.156052 -0.040119
-0.001656 0.088901
-0.069538 0.027833
-0.025175 0.118312
-0.029725 0.036342
-0.092537 0.062341
0.031751 0.019649
0.244378 0.102860
-0.031695 -0.056167
-0.045896 0.035240
0.059296 -0.032801
0.074177 0.007646
-0.126635 0.030171
-0.221939 -0.157785
-0.023041 -0.119253
-0.051963 -0.073171
0.054208 -0.062345
0.101133 -0.110053
-0.014276 0.108603
-0.137846 -0.083038
-0.075998 0.018814
-0.195149 0.057740
0.020484 -0.012598
-0.064633 0.010663
0.087062 -0.014479
-0.193999 0.011721
-0.019551 0.057715
0.076259 0.015974
0.010273 0.061968
0.028326 -0.037871
0.104181 0.061671
-0.032663 0.038976
-0.114665 0.029521
-0.016136 0.036306
-0.018104 -0.009654
0.029873 0.081181
0.001747 -0.098423
-0.022276 -0.102895
-0.030523 -0.208454
-0.030785 0.078303
-0.082632 0.004663
0.052965 -0.205069
0.026876 0.018168
0.010616 -0.103484
-0.081777 -0.099648
-0.033987 -0.048043
-0.092816 0.038402
-0.028449 -0.087398
-0.084009 -0.212369
-0.059020 -0.033118
0.224259 -0.006326
0.045010 -0.002404
-0.039605 -0.058023
-0.086277 0.018719
0.000392 -0.035525
-0.020270 -0.009878
-0.020840 0.183298
-0.045618 0.016366
-0.032672 0.011248
0.029046 0.023000
0.084280 0.262486
-0.288171 0.092949
-0.053533 0.054514
-0.082551 0.059936
0.072184 -0.018513
-0.033192 -0.081864
-0.081664 0.030825
-0.000245 0.122501
-0.007018 -0.123131
0.062291 -0.057136
0.072142 -0.008104
-0.056709 -0.006637
-0.013914 -0.059514
-0.040518 -0.015007
-0.136676 0.099475
-0.012555 0.079513
-0.006766 0.088235
0.014590 0.015277
0.034377 -0.065689
-0.166884 -0.018140
0.079782 0.018396
-0.072670 -0.093200
0.087926 -0.016066
-0.001879 0.022652
-0.039757 -0.073545
-0.035072 -0.040725
-0.095773 -0.019290
-0.020192 0.040839
-0.043358 -0.010048
-0.068356 0.129532
0.030567 -0.011607
-0.059074 -0.057283
-0.061953 0.029242
0.069942 0.056030
0.066085 -0.093957
0.022407 0.088013
-0.020909 -0.029157
0.019005 -0.019592
-0.195256 -0.006132
-0.022884 -0.021119
-0.165553 0.042051
-0.027673 -0.184328
-0.109830 0.182245
-0.043675 0.053306
-0.053664 0.044580
0.099553 0.243942
-0.008946 0.176188
-0.017302 -0.087118
-0.095984 -0.019135
-0.110100 0.076195
0.092101 -0.054484
-0.109094 -0.011890
-0.119237 -0.062524
-0.041692 -0.078982
-0.079993 0.041204
-0.025907 0.019702
-0.004665 -0.106811
-0.031336 0.018153
-0.069665 -0.002330
-0.003650 0.029505
-0.036892 -0.023770
-0.212779 -0.060550
-0.030153 0.108059
0.022809 0.048034
-0.094970 -0.051940
-0.069607 0.022799
0.028138 -0.107708
-0.016793 -0.126718
-0.081548 0.022728
0.011178 -0.013669
-0.053141 -0.016663
-0.026279 0.039342
-0.007422 -0.126570
0.006830 -0.097271
0.015924 0.000514
-0.072625 -0.082517
-0.105122 -0.010857
-0.025644 -0.011834
0.042472 0.034080
-0.054147 -0.040474
-0.137506 -0.002925
0.039478 0.140491
-0.055732 -0.007609
-0.075744 0.009177
-0.055460 -0.080516
-0.031894 0.024110
-0.089819 0.070046
-0.002957 -0.005840
-0.110623 0.002071
0.027642 0.001389
-0.087489 -0.020141
-0.004246 -0.070216
0.088977 0.026655
0.009974 0.070230
-0.072875 -0.047491
0.060070 0.080680
-0.008056 0.180063
0.070659 0.081613
-0.086283 -0.073206
0.081321 -0.005215
-0.078674 -0.041218
0.149382 0.116037
-0.108629 0.116433
0.096385 0.111177
-0.024376 -0.099697
0.013915 0.011162
-0.044705 0.035033
-0.117828 0.102192
-0.085661 0.063171
-0.000418 -0.019178
0.006148 -0.039084
0.021197 0.051322
0.014138 0.090905
-0.005634 0.061065
0.135427 0.052977
-0.055737 -0.015526
0.091952 0.020821
-0.098406 -0.019146
-0.109992 -0.026121
0.055122 -0.029536
0.056508 0.061561
-0.003062 -0.124963
-0.030316 -0.026868
0.070987 -0.016415
-0.136947 0.041698
-0.043004 -0.064231
0.023224 0.042679
-0.074435 -0.028016
-0.065313 0.169363
-0.190322 -0.045536
-0.092111 -0.095928
-0.033638 0.037099
-0.125031 -0.046222
-0.095269 0.094976
0.035511 0.048949
-0.073243 0.042107
-0.010248 -0.149914
-0.028509 -0.056579
0.118086 0.025772
-0.188705 -0.106559
-0.017885 0.042757
-0.054324 0.134356
-0.076614 -0.129708
-0.008715 0.023856
0.072324 -0.129089
-0.069319 0.121683
-0.150631 -0.018108
0.037798 0.045524
0.004252 0.087102
-0.251596 0.238585
-0.028113 0.017089
-0.034714 -0.077510
-0.105837 0.092414
-0.264780 -0.053372
-0.100586 -0.171507
-0.180786 -0.031837
-0.057643 -0.014744
0.024010 -0.006672
-0.023305 0.024614
-0.212269 0.000831
0.068798 -0.010172
-0.037815 -0.066389
-0.308618 0.131889
-0.086104 -0.162568
-0.073622 -0.023236
0.005818 0.052161
0.023322 0.010024
0.068916 -0.078857
0.159120 0.095545
-0.018271 -0.056482
-0.079353 -0.072524
-0.049640 0.069104
-0.009967 0.041726
0.021276 -0.006453
0.026589 0.071041
-0.031919 -0.004261
0.019826 0.109803
0.033661 -0.226784
-0.026161 0.005140
-0.085794 0.023440
0.004315 0.110220
-0.060127 -0.056398
-0.056248 -0.025910
-0.056831 -0.050521
-0.037525 -0.019374
-0.109647 -0.055134
0.012964 -0.025035
0.006890 -0.029868
-0.186196 0.030356
-0.066933 0.038251
0.147020 0.014641
0.087466 -0.135840
-0.056118 0.059391
-0.001146 -0.021155
-0.057605 -0.073713
-0.030197 0.102537
-0.089006 -0.038372
-0.041787 0.001797
0.145325 0.049490
-0.031569 0.046483
-0.139985 0.026913
-0.002447 -0.074794
-0.040625 -0.025235
-0.127885 0.091848
0.059037 0.043697
-0.028510 -0.016693
0.015957 -0.055351
-0.398328 0.030116
0.056516 0.014453
-0.093338 0.045837
0.163178 -0.052589
-0.058833 -0.007310
0.074203 0.095581
-0.022996 -0.004411
0.019016 -0.064066
-0.115542 0.016201
0.041343 0.012126
-0.053369 -0.016908
-0.069478 -0.006996
-0.032791 -0.079612
-0.002363 -0.006364
-0.080345 -0.067162
0.025303 0.059580
-0.019034 0.042823
-0.108476 -0.079391
-0.085744 0.039370
-0.069641 -0.015552
-0.084309 -0.085843
-0.018595 -0.095647
-0.110310 -0.012160
-0.049170 0.011164
0.016832 -0.014226
-0.094533 0.038019
0.131607 0.001064
-0.081770 -0.026910
-0.028353 -0.124373
0.078901 -0.011268
-0.016919 0.004886
0.032801 -0.077276
0.184585 -0.122335
0.034879 0.066721
-0.056732 0.066042
0.039305 0.206870
-0.005347 0.064932
0.004049 0.179537
-0.011554 -0.070147
-0.167422 0.280178
-0.036450 -0.005632
0.016526 -0.028773
-0.024689 0.055672
-0.035051 -0.081073
0.038363 -0.070372
0.057057 -0.022146
-0.047081 0.090889
-0.056758 -0.019851
-0.050465 -0.034756
0.133753 0.072444
-0.070521 0.019988
-0.004753 0.069566
0.077558 -0.049863
0.045159 -0.033977
-0.076539 0.281172
0.195766 -0.284821
-0.052106 0.039482
-0.036599 -0.148811
-0.064045 -0.002573
-0.050140 -0.186251
-0.125381 0.183790
0.003922 0.050078
0.021707 -0.238789
-0.050667 0.167934
-0.044472 -0.075671
-0.007747 0.081314
-0.113758 0.001708
0.111171 -0.010332
0.093543 -0.007704
-0.045041 0.093475
-0.099843 -0.056063
0.017116 -0.117644
-0.033864 -0.186576
-0.088363 0.025697
-0.064483 0.255781
0.020745 -0.011324
0.101564 0.123082
-0.065032 -0.001157
0.112160 0.019596
0.097622 -0.060896
0.034980 0.050346
-0.035661 0.104757
-0.008864 -0.108527
-0.009205 0.048502
-0.032298 -0.087157
0.140326 0.103393
0.087722 -0.087019
-0.031160 0.098533
-0.113357 0.030870
0.079065 -0.054036
-0.111055 -0.028563
-0.062301 0.047534
0.003563 -0.095081
0.008622 0.011952
0.004605 -0.036476
-0.108819 -0.066851
-0.056352 0.071844
-0.061120 0.044669
-0.156746 -0.040088
0.017960 0.060211
-0.240592 -0.045019
-0.000557 0.012900
-0.053788 0.098143
-0.000300 0.015181
-0.015594 0.030229
-0.064846 0.033715
-0.051997 0.028864
-0.097539 -0.108114
-0.049963 0.033875
-0.264892 -0.092165
0.010552 -0.027124
-0.089183 0.093158
-0.043099 0.050849
0.021039 -0.085416
0.012718 0.069212
0.018028 0.141584
-0.142518 -0.001814
-0.106456 0.008002
-0.010841 0.080982
0.023008 0.021316
0.014986 0.007698
0.052068 -0.020768
-0.037620 -0.132456
0.056575 -0.096687
-0.253350 0.079678
0.008918 0.118470
-0.017670 0.047552
0.091830 0.061040
-0.075914 -0.094797
-0.060994 0.081735
-0.109583 -0.038927
-0.099651 -0.002857
-0.057386 -0.010572
-0.099043 0.030327
0.058223 0.064659
-0.090844 0.066031
0.089753 -0.048850
-0.140501 0.147413
-0.077167 -0.063159
-0.066315 0.109251
-0.203861 -0.083218
0.051988 -0.017194
-0.022859 -0.015126
0.065626 -0.188060
-0.099801 0.054440
-0.066779 -0.076067
-0.179965 -0.035332
-0.079495 0.032241
0.061017 0.009660
0.067328 0.074527
-0.037242 0.063244
-0.048099 0.195762
0.039305 0.013917
0.099292 0.090814
0.003559 0.043283
0.023441 -0.037746
0.074506 0.052747
0.367066 -0.098247
-0.107204 -0.021277
0.038309 0.012817
-0.038093 -0.098463
0.180661 0.000565
-0.041060 -0.122225
-0.138284 0.081300
0.036142 -0.013105
0.049191 -0.048407
0.027015 0.003401
-0.002293 0.077195
0.019468 -0.065355
-0.038518 -0.039900
0.106578 0.057351
-0.145738 -0.018590
-0.095302 -0.038301
-0.119156 -0.066690
0.185847 0.058598
0.067633 -0.040055
0.013955 -0.003314
-0.020787 -0.009294
-0.023553 0.101288
-0.043436 -0.054478
-0.057881 -0.031091
0.018457 -0.056907
0.035662 -0.113484
